[ 815.3846153846154  807.6923076923077  769.2307692307693
  746.1538461538462  738.4615384615385  738.4615384615385
  730.7692307692307  707.6923076923077  676.9230769230769
  653.8461538461538  646.1538461538462  676.9230769230769
  769.2307692307693  984.6153846153846 1007.6923076923077
 1015.3846153846154  953.8461538461538  946.1538461538462
  923.0769230769231  823.0769230769231  815.3846153846154
  807.6923076923077  807.6923076923077  769.2307692307693
  938.4615384615385 1053.8461538461538 1023.0769230769231
 1000.               976.9230769230769  815.3846153846154
  815.3846153846154  800.               776.9230769230769
  738.4615384615385  807.6923076923077  892.3076923076923
  838.4615384615385  761.5384615384615  715.3846153846154
  738.4615384615385  738.4615384615385  707.6923076923077
  761.5384615384615  853.8461538461538  815.3846153846154
  869.2307692307693  961.5384615384615  976.9230769230769
  915.3846153846154  907.6923076923077  815.3846153846154
  838.4615384615385  876.9230769230769  923.0769230769231
  976.9230769230769  869.2307692307693  761.5384615384615
  792.3076923076923  846.1538461538462  884.6153846153846
  807.6923076923077  876.9230769230769  792.3076923076923
  876.9230769230769  861.5384615384615  776.9230769230769
  838.4615384615385  876.9230769230769  861.5384615384615
  769.2307692307693  830.7692307692307  815.3846153846154
  753.8461538461538  784.6153846153846  784.6153846153846
  761.5384615384615  753.8461538461538  800.
  838.4615384615385  846.1538461538462  884.6153846153846
  861.5384615384615  800.               761.5384615384615
  761.5384615384615  776.9230769230769  730.7692307692307
  815.3846153846154  869.2307692307693  792.3076923076923
  838.4615384615385  830.7692307692307  792.3076923076923
  830.7692307692307  807.6923076923077  892.3076923076923
  907.6923076923077  946.1538461538462  769.2307692307693
  792.3076923076923  792.3076923076923  761.5384615384615
  723.0769230769231  753.8461538461538  807.6923076923077
  776.9230769230769  776.9230769230769  846.1538461538462
  830.7692307692307  784.6153846153846  838.4615384615385
  853.8461538461538  869.2307692307693  769.2307692307693
  730.7692307692307  761.5384615384615  838.4615384615385
  907.6923076923077  784.6153846153846  815.3846153846154
  823.0769230769231  769.2307692307693  723.0769230769231
  723.0769230769231  723.0769230769231  730.7692307692307
  753.8461538461538  769.2307692307693  846.1538461538462
  876.9230769230769  776.9230769230769  769.2307692307693
  792.3076923076923  753.8461538461538  792.3076923076923
  823.0769230769231  838.4615384615385  784.6153846153846
  738.4615384615385  738.4615384615385  730.7692307692307
  723.0769230769231  730.7692307692307  769.2307692307693
  853.8461538461538  769.2307692307693  853.8461538461538
  946.1538461538462 1123.076923076923   953.8461538461538
  915.3846153846154  892.3076923076923  807.6923076923077
  800.               830.7692307692307  823.0769230769231
  792.3076923076923  830.7692307692307  861.5384615384615
  884.6153846153846  800.               876.9230769230769
  884.6153846153846  800.               784.6153846153846
  746.1538461538462  715.3846153846154  692.3076923076923
  653.8461538461538  669.2307692307693  684.6153846153846
  769.2307692307693  776.9230769230769  838.4615384615385
  884.6153846153846  930.7692307692307  838.4615384615385
  830.7692307692307  853.8461538461538  823.0769230769231
  746.1538461538462  692.3076923076923  715.3846153846154
  738.4615384615385  815.3846153846154 1046.1538461538462
  992.3076923076923  969.2307692307693 1015.3846153846154
 1069.2307692307693  969.2307692307693  853.8461538461538
  884.6153846153846  923.0769230769231  915.3846153846154
  876.9230769230769  923.0769230769231  946.1538461538462
  861.5384615384615  892.3076923076923  869.2307692307693
  861.5384615384615  830.7692307692307  938.4615384615385
 1069.2307692307693 1007.6923076923077 1038.4615384615386
 1084.6153846153845 1038.4615384615386 1015.3846153846154
  992.3076923076923  869.2307692307693  900.
  930.7692307692307  992.3076923076923  938.4615384615385
  930.7692307692307  892.3076923076923  884.6153846153846
  930.7692307692307  946.1538461538462  853.8461538461538
  915.3846153846154  892.3076923076923  838.4615384615385
  800.               876.9230769230769 1084.6153846153845
  953.8461538461538 1038.4615384615386 1046.1538461538462
  915.3846153846154  907.6923076923077  930.7692307692307
  876.9230769230769  853.8461538461538 1046.1538461538462
 1061.5384615384614  907.6923076923077  946.1538461538462
  946.1538461538462  915.3846153846154  930.7692307692307
  846.1538461538462  823.0769230769231  876.9230769230769
  892.3076923076923  892.3076923076923  876.9230769230769
  838.4615384615385  823.0769230769231  830.7692307692307
  892.3076923076923  884.6153846153846  892.3076923076923
  846.1538461538462  876.9230769230769  907.6923076923077
  953.8461538461538  892.3076923076923  915.3846153846154
  923.0769230769231  853.8461538461538  776.9230769230769
  807.6923076923077  846.1538461538462  807.6923076923077
  784.6153846153846  838.4615384615385  784.6153846153846
  723.0769230769231  730.7692307692307  761.5384615384615
  784.6153846153846  853.8461538461538  746.1538461538462
  807.6923076923077  830.7692307692307  838.4615384615385
  792.3076923076923  838.4615384615385  800.
  746.1538461538462  723.0769230769231  738.4615384615385
  769.2307692307693  792.3076923076923  830.7692307692307
  838.4615384615385  830.7692307692307  769.2307692307693
  776.9230769230769  784.6153846153846  807.6923076923077
  769.2307692307693  738.4615384615385  761.5384615384615
  746.1538461538462  738.4615384615385  746.1538461538462
  769.2307692307693  723.0769230769231  723.0769230769231
  753.8461538461538  815.3846153846154  800.
  846.1538461538462  846.1538461538462  800.
  846.1538461538462  838.4615384615385  753.8461538461538
  807.6923076923077  823.0769230769231  853.8461538461538
  823.0769230769231  730.7692307692307  700.
  830.7692307692307  884.6153846153846  938.4615384615385
  953.8461538461538  838.4615384615385  853.8461538461538
  876.9230769230769  807.6923076923077  784.6153846153846
  776.9230769230769  784.6153846153846  784.6153846153846
  753.8461538461538  776.9230769230769  792.3076923076923
  784.6153846153846  769.2307692307693  784.6153846153846
  776.9230769230769  738.4615384615385  769.2307692307693
  784.6153846153846  776.9230769230769  792.3076923076923
  823.0769230769231  807.6923076923077  776.9230769230769
  800.               815.3846153846154  746.1538461538462
  792.3076923076923  769.2307692307693  761.5384615384615
  715.3846153846154  700.               676.9230769230769]